0.043647278100252151489257812500
0.438047289848327636718750000000
0.086014971137046813964843750000
0.432290464639663696289062500000

0.038967009633779525756835937500
0.413645952939987182617187500000
0.075254559516906738281250000000
0.472132474184036254882812500000

0.000000000000000000000000000000
0.000000000000000000000000000000
0.000000000000000000000000000000
1.000000000000000000000000000000

0.000000000000000000000000000000
0.000000000000000000000000000000
0.000000000000000000000000000000
1.000000000000000000000000000000

